631
181
73
6
5
1
3
2
4
28
23
7
9
8
12
11
10
19
17
14
13
16
15
18
20
21
22
25
24
26
27
35
31
29
30
34
32
33
38
36
37
64
63
62
58
44
42
39
41
40
43
54
48
45
46
47
52
50
49
51
53
55
56
57
59
61
60
69
66
65
67
68
70
72
71
84
75
74
83
77
76
79
78
82
81
80
160
134
87
86
85
130
119
97
94
88
89
93
91
90
92
96
95
103
101
99
98
100
102
116
106
104
105
111
109
107
108
110
114
113
112
115
118
117
127
122
121
120
126
123
125
124
128
129
131
132
133
142
140
135
139
138
137
136
141
151
148
144
143
147
146
145
149
150
153
152
157
154
156
155
158
159
161
167
165
163
162
164
166
171
168
170
169
176
172
175
174
173
180
179
177
178
611
351
212
197
190
184
182
183
186
185
188
187
189
195
192
191
193
194
196
200
199
198
203
201
202
206
204
205
207
211
210
208
209
213
337
292
276
222
218
216
214
215
217
220
219
221
229
226
223
225
224
228
227
253
246
230
242
234
233
231
232
237
236
235
238
239
241
240
245
244
243
247
250
248
249
251
252
267
260
256
254
255
259
257
258
264
261
262
263
265
266
270
268
269
275
274
271
273
272
290
287
278
277
286
279
285
281
280
284
283
282
288
289
291
320
311
294
293
306
305
303
295
297
296
302
299
298
300
301
304
309
308
307
310
316
312
313
314
315
319
318
317
323
321
322
325
324
336
330
327
326
328
329
335
331
332
333
334
341
340
338
339
349
345
344
343
342
348
347
346
350
499
390
365
353
352
357
356
354
355
363
359
358
361
360
362
364
375
370
369
368
367
366
371
374
372
373
386
380
379
377
376
378
383
382
381
385
384
389
387
388
404
399
395
394
392
391
393
397
396
398
400
402
401
403
457
435
434
429
425
415
408
406
405
407
412
410
409
411
414
413
418
416
417
424
419
421
420
423
422
428
426
427
431
430
433
432
438
437
436
450
441
439
440
448
444
443
442
445
446
447
449
456
455
451
453
452
454
462
459
458
461
460
498
483
481
467
465
463
464
466
474
469
468
472
470
471
473
476
475
479
478
477
480
482
486
484
485
487
489
488
494
491
490
492
493
496
495
497
506
504
500
501
503
502
505
590
527
514
511
509
507
508
510
513
512
520
515
516
517
518
519
525
523
521
522
524
526
554
549
542
530
528
529
540
534
532
531
533
535
537
536
539
538
541
543
548
546
545
544
547
551
550
553
552
589
563
561
555
556
557
560
558
559
562
573
570
567
566
564
565
568
569
572
571
578
577
574
575
576
585
583
581
580
579
582
584
586
588
587
600
599
592
591
594
593
598
596
595
597
607
601
602
605
604
603
606
609
608
610
623
615
614
613
612
617
616
621
618
620
619
622
626
625
624
627
630
628
629
789
691
652
649
645
634
632
633
635
643
638
637
636
641
640
639
642
644
646
648
647
650
651
660
655
653
654
657
656
659
658
686
662
661
664
663
677
672
671
669
667
666
665
668
670
674
673
675
676
680
678
679
683
682
681
685
684
690
687
688
689
761
720
700
694
692
693
698
696
695
697
699
719
706
705
701
703
702
704
716
711
710
708
707
709
715
712
714
713
718
717
751
740
724
723
721
722
729
727
725
726
728
730
736
734
731
732
733
735
738
737
739
749
747
746
745
742
741
743
744
748
750
754
753
752
755
756
760
759
757
758
778
766
765
763
762
764
775
769
767
768
772
770
771
774
773
776
777
781
779
780
783
782
784
787
785
786
788
888
858
820
808
807
791
790
800
794
792
793
796
795
799
798
797
806
804
802
801
803
805
810
809
812
811
815
814
813
817
816
819
818
848
840
830
822
821
823
827
825
824
826
829
828
831
839
836
833
832
835
834
838
837
844
843
842
841
845
847
846
853
849
850
851
852
857
854
856
855
875
873
863
862
861
860
859
865
864
871
870
869
866
868
867
872
874
887
878
876
877
880
879
885
882
881
884
883
886
974
937
921
903
901
896
895
893
892
889
890
891
894
897
900
898
899
902
905
904
918
917
915
911
908
907
906
910
909
912
914
913
916
919
920
926
923
922
925
924
936
928
927
930
929
935
931
933
932
934
966
957
949
947
941
940
939
938
942
943
946
944
945
948
956
950
952
951
953
955
954
961
960
959
958
965
964
963
962
973
972
970
967
968
969
971
1000
975
999
978
976
977
998
987
981
979
980
984
982
983
986
985
989
988
990
991
993
992
995
994
997
996
